1280x720; 3; 1; 0.662
1280x720; 3; 2; 0.405
1280x720; 3; 4; 0.346
1280x720; 3; 8; 0.273
1280x720; 3; 16; 0.276
1280x720; 5; 1; 1.005
1280x720; 5; 2; 0.724
1280x720; 5; 4; 0.554
1280x720; 5; 8; 0.499
1280x720; 5; 16; 0.479
1280x720; 7; 1; 1.958
1280x720; 7; 2; 1.192
1280x720; 7; 4; 1.041
1280x720; 7; 8; 0.832
1280x720; 7; 16; 0.826
1280x720; 9; 1; 2.582
1280x720; 9; 2; 1.346
1280x720; 9; 4; 0.983
1280x720; 9; 8; 0.997
1280x720; 9; 16; 0.979
1280x720; 11; 1; 2.613
1280x720; 11; 2; 1.371
1280x720; 11; 4; 1.377
1280x720; 11; 8; 1.402
1280x720; 11; 16; 1.416
1280x720; 13; 1; 3.496
1280x720; 13; 2; 1.850
1280x720; 13; 4; 1.865
1280x720; 13; 8; 1.861
1280x720; 13; 16; 1.858
1280x720; 15; 1; 4.531
1280x720; 15; 2; 2.387
1280x720; 15; 4; 2.424
1280x720; 15; 8; 2.479
1280x720; 15; 16; 2.431
1920x1080; 3; 1; 0.783
1920x1080; 3; 2; 0.458
1920x1080; 3; 4; 0.445
1920x1080; 3; 8; 0.448
1920x1080; 3; 16; 0.450
1920x1080; 5; 1; 1.449
1920x1080; 5; 2; 0.832
1920x1080; 5; 4; 0.808
1920x1080; 5; 8; 0.812
1920x1080; 5; 16; 0.822
1920x1080; 7; 1; 2.674
1920x1080; 7; 2; 1.413
1920x1080; 7; 4; 1.430
1920x1080; 7; 8; 1.390
1920x1080; 7; 16; 1.386
1920x1080; 9; 1; 4.055
1920x1080; 9; 2; 2.135
1920x1080; 9; 4; 2.123
1920x1080; 9; 8; 2.135
1920x1080; 9; 16; 2.119
1920x1080; 11; 1; 5.928
1920x1080; 11; 2; 3.033
1920x1080; 11; 4; 3.031
1920x1080; 11; 8; 3.047
1920x1080; 11; 16; 3.031
1920x1080; 13; 1; 7.857
1920x1080; 13; 2; 4.095
1920x1080; 13; 4; 4.130
1920x1080; 13; 8; 4.145
1920x1080; 13; 16; 4.129
1920x1080; 15; 1; 10.220
1920x1080; 15; 2; 5.316
1920x1080; 15; 4; 5.418
1920x1080; 15; 8; 5.440
1920x1080; 15; 16; 5.407
3840x2160; 3; 1; 3.021
3840x2160; 3; 2; 1.660
3840x2160; 3; 4; 1.573
3840x2160; 3; 8; 1.571
3840x2160; 3; 16; 1.607
3840x2160; 5; 1; 5.619
3840x2160; 5; 2; 3.050
3840x2160; 5; 4; 3.023
3840x2160; 5; 8; 3.047
3840x2160; 5; 16; 3.034
3840x2160; 7; 1; 10.390
3840x2160; 7; 2; 5.511
3840x2160; 7; 4; 5.360
3840x2160; 7; 8; 5.350
3840x2160; 7; 16; 5.382
3840x2160; 9; 1; 16.046
3840x2160; 9; 2; 8.352
3840x2160; 9; 4; 8.335
3840x2160; 9; 8; 8.294
3840x2160; 9; 16; 8.328
3840x2160; 11; 1; 22.879
3840x2160; 11; 2; 11.906
3840x2160; 11; 4; 12.038
3840x2160; 11; 8; 12.210
3840x2160; 11; 16; 11.998
3840x2160; 13; 1; 31.446
3840x2160; 13; 2; 16.212
3840x2160; 13; 4; 16.382
3840x2160; 13; 8; 16.396
3840x2160; 13; 16; 16.398
3840x2160; 15; 1; 40.326
3840x2160; 15; 2; 21.536
3840x2160; 15; 4; 21.520
3840x2160; 15; 8; 21.541
3840x2160; 15; 16; 21.591
