1280x720; 3; 1; 0.473
1280x720; 3; 2; 0.236
1280x720; 3; 4; 0.221
1280x720; 3; 8; 0.235
1280x720; 3; 16; 0.224
1280x720; 5; 1; 0.711
1280x720; 5; 2; 0.419
1280x720; 5; 4; 0.383
1280x720; 5; 8; 0.397
1280x720; 5; 16; 0.394
1280x720; 7; 1; 1.343
1280x720; 7; 2; 0.723
1280x720; 7; 4; 0.634
1280x720; 7; 8; 0.654
1280x720; 7; 16; 0.644
1280x720; 9; 1; 1.926
1280x720; 9; 2; 1.032
1280x720; 9; 4; 0.911
1280x720; 9; 8; 0.941
1280x720; 9; 16; 0.952
1280x720; 11; 1; 2.703
1280x720; 11; 2; 1.440
1280x720; 11; 4; 1.301
1280x720; 11; 8; 1.331
1280x720; 11; 16; 1.347
1280x720; 13; 1; 3.628
1280x720; 13; 2; 1.933
1280x720; 13; 4; 1.767
1280x720; 13; 8; 1.795
1280x720; 13; 16; 1.818
1280x720; 15; 1; 4.850
1280x720; 15; 2; 2.543
1280x720; 15; 4; 2.290
1280x720; 15; 8; 2.343
1280x720; 15; 16; 2.388
1920x1080; 3; 1; 0.777
1920x1080; 3; 2; 0.482
1920x1080; 3; 4; 0.425
1920x1080; 3; 8; 0.448
1920x1080; 3; 16; 0.433
1920x1080; 5; 1; 1.498
1920x1080; 5; 2; 0.839
1920x1080; 5; 4; 0.759
1920x1080; 5; 8; 0.782
1920x1080; 5; 16; 0.781
1920x1080; 7; 1; 2.691
1920x1080; 7; 2; 1.479
1920x1080; 7; 4; 1.315
1920x1080; 7; 8; 1.343
1920x1080; 7; 16; 1.362
1920x1080; 9; 1; 4.184
1920x1080; 9; 2; 2.237
1920x1080; 9; 4; 2.016
1920x1080; 9; 8; 2.044
1920x1080; 9; 16; 2.079
1920x1080; 11; 1; 5.972
1920x1080; 11; 2; 3.146
1920x1080; 11; 4; 2.880
1920x1080; 11; 8; 2.915
1920x1080; 11; 16; 2.966
1920x1080; 13; 1; 8.081
1920x1080; 13; 2; 4.281
1920x1080; 13; 4; 3.873
1920x1080; 13; 8; 3.990
1920x1080; 13; 16; 4.053
1920x1080; 15; 1; 10.559
1920x1080; 15; 2; 5.577
1920x1080; 15; 4; 5.103
1920x1080; 15; 8; 5.218
1920x1080; 15; 16; 5.325
3840x2160; 3; 1; 2.985
3840x2160; 3; 2; 1.652
3840x2160; 3; 4; 1.524
3840x2160; 3; 8; 1.535
3840x2160; 3; 16; 1.564
3840x2160; 5; 1; 5.746
3840x2160; 5; 2; 3.159
3840x2160; 5; 4; 2.842
3840x2160; 5; 8; 2.909
3840x2160; 5; 16; 2.926
3840x2160; 7; 1; 10.748
3840x2160; 7; 2; 5.668
3840x2160; 7; 4; 5.116
3840x2160; 7; 8; 5.172
3840x2160; 7; 16; 5.223
3840x2160; 9; 1; 16.673
3840x2160; 9; 2; 8.703
3840x2160; 9; 4; 7.846
3840x2160; 9; 8; 8.013
3840x2160; 9; 16; 8.122
3840x2160; 11; 1; 23.729
3840x2160; 11; 2; 12.450
3840x2160; 11; 4; 11.315
3840x2160; 11; 8; 11.509
3840x2160; 11; 16; 11.748
3840x2160; 13; 1; 32.248
3840x2160; 13; 2; 16.994
3840x2160; 13; 4; 15.335
3840x2160; 13; 8; 15.787
3840x2160; 13; 16; 16.042
3840x2160; 15; 1; 43.548
3840x2160; 15; 2; 22.205
3840x2160; 15; 4; 20.359
3840x2160; 15; 8; 20.779
3840x2160; 15; 16; 21.045
