1280x720 3 1 1 2,285
1280x720 3 180 1 0,236
1280x720 3 320 1 0,228
1280x720 3 640 1 0,220
1280x720 3 1020 1 0,227
1280x720 3 5 5 0,306
1280x720 3 180 5 0,226
1280x720 3 320 5 0,219
1280x720 3 640 5 0,208
1280x720 3 1020 5 0,208
1280x720 3 10 10 0,228
1280x720 3 180 10 0,214
1280x720 3 320 10 0,209
1280x720 3 640 10 0,209
1280x720 3 1020 10 0,209
1280x720 5 1 1 3,172
1280x720 5 180 1 0,225
1280x720 5 320 1 0,221
1280x720 5 640 1 0,215
1280x720 5 1020 1 0,211
1280x720 5 5 5 0,325
1280x720 5 180 5 0,210
1280x720 5 320 5 0,210
1280x720 5 640 5 0,210
1280x720 5 1020 5 0,207
1280x720 5 10 10 0,238
1280x720 5 180 10 0,209
1280x720 5 320 10 0,208
1280x720 5 640 10 0,209
1280x720 5 1020 10 0,207
1280x720 7 1 1 6,065
1280x720 7 180 1 0,241
1280x720 7 320 1 0,229
1280x720 7 640 1 0,221
1280x720 7 1020 1 0,213
1280x720 7 5 5 0,450
1280x720 7 180 5 0,215
1280x720 7 320 5 0,213
1280x720 7 640 5 0,210
1280x720 7 1020 5 0,210
1280x720 7 10 10 0,269
1280x720 7 180 10 0,212
1280x720 7 320 10 0,211
1280x720 7 640 10 0,208
1280x720 7 1020 10 0,207
1280x720 11 1 1 12,249
1280x720 11 180 1 0,280
1280x720 11 320 1 0,248
1280x720 11 640 1 0,232
1280x720 11 1020 1 0,226
1280x720 11 5 5 0,696
1280x720 11 180 5 0,226
1280x720 11 320 5 0,228
1280x720 11 640 5 0,230
1280x720 11 1020 5 0,228
1280x720 11 10 10 0,357
1280x720 11 180 10 0,226
1280x720 11 320 10 0,226
1280x720 11 640 10 0,211
1280x720 11 1020 10 0,212
1280x720 13 1 1 13,540
1280x720 13 180 1 0,289
1280x720 13 320 1 0,260
1280x720 13 640 1 0,239
1280x720 13 1020 1 0,230
1280x720 13 5 5 0,758
1280x720 13 180 5 0,223
1280x720 13 320 5 0,217
1280x720 13 640 5 0,216
1280x720 13 1020 5 0,214
1280x720 13 10 10 0,348
1280x720 13 180 10 0,215
1280x720 13 320 10 0,214
1280x720 13 640 10 0,219
1280x720 13 1020 10 0,228
1280x720 15 1 1 20,185
1280x720 15 180 1 0,322
1280x720 15 320 1 0,278
1280x720 15 640 1 0,246
1280x720 15 1020 1 0,236
1280x720 15 15 5 0,482
1280x720 15 180 5 0,232
1280x720 15 320 5 0,221
1280x720 15 640 5 0,219
1280x720 15 1020 5 0,216
1280x720 15 10 10 0,412
1280x720 15 180 10 0,219
1280x720 15 320 10 0,243
1280x720 15 640 10 0,228
1280x720 15 1020 10 0,220
1920x1080 3 1 1 4,614
1920x1080 3 180 1 0,303
1920x1080 3 320 1 0,290
1920x1080 3 640 1 0,285
1920x1080 3 1020 1 0,280
1920x1080 3 5 5 0,451
1920x1080 3 180 5 0,279
1920x1080 3 320 5 0,276
1920x1080 3 640 5 0,277
1920x1080 3 1020 5 0,276
1920x1080 3 10 10 0,321
1920x1080 3 180 10 0,275
1920x1080 3 320 10 0,278
1920x1080 3 640 10 0,279
1920x1080 3 1020 10 0,282
1920x1080 5 1 1 6,554
1920x1080 5 180 1 0,314
1920x1080 5 320 1 0,303
1920x1080 5 640 1 0,295
1920x1080 5 1020 1 0,287
1920x1080 5 5 5 0,540
1920x1080 5 180 5 0,282
1920x1080 5 320 5 0,280
1920x1080 5 640 5 0,280
1920x1080 5 1020 5 0,277
1920x1080 5 10 10 0,345
1920x1080 5 180 10 0,281
1920x1080 5 320 10 0,277
1920x1080 5 640 10 0,283
1920x1080 5 1020 10 0,276
1920x1080 7 1 1 13,478
1920x1080 7 180 1 0,355
1920x1080 7 320 1 0,322
1920x1080 7 640 1 0,299
1920x1080 7 1020 1 0,292
1920x1080 7 5 5 0,822
1920x1080 7 180 5 0,290
1920x1080 7 320 5 0,287
1920x1080 7 640 5 0,280
1920x1080 7 1020 5 0,279
1920x1080 7 10 10 0,417
1920x1080 7 180 10 0,281
1920x1080 7 320 10 0,285
1920x1080 7 640 10 0,279
1920x1080 7 1020 10 0,280
1920x1080 11 1 1 27,254
1920x1080 11 180 1 0,436
1920x1080 11 320 1 0,367
1920x1080 11 640 1 0,326
1920x1080 11 1020 1 0,315
1920x1080 11 5 5 1,543
1920x1080 11 180 5 0,332
1920x1080 11 320 5 0,302
1920x1080 11 640 5 0,314
1920x1080 11 1020 5 0,308
1920x1080 11 10 10 0,575
1920x1080 11 180 10 0,293
1920x1080 11 320 10 0,291
1920x1080 11 640 10 0,294
1920x1080 11 1020 10 0,293
1920x1080 13 1 1 29,922
1920x1080 13 180 1 0,458
1920x1080 13 320 1 0,414
1920x1080 13 640 1 0,340
1920x1080 13 1020 1 0,328
1920x1080 13 5 5 1,684
1920x1080 13 180 5 0,314
1920x1080 13 320 5 0,304
1920x1080 13 640 5 0,295
1920x1080 13 1020 5 0,292
1920x1080 13 10 10 0,595
1920x1080 13 180 10 0,299
1920x1080 13 320 10 0,295
1920x1080 13 640 10 0,291
1920x1080 13 1020 10 0,292
1920x1080 15 1 1 45,042
1920x1080 15 180 1 0,543
1920x1080 15 320 1 0,466
1920x1080 15 640 1 0,364
1920x1080 15 1020 1 0,344
1920x1080 15 15 5 0,968
1920x1080 15 180 5 0,332
1920x1080 15 320 5 0,308
1920x1080 15 640 5 0,301
1920x1080 15 1020 5 0,298
1920x1080 15 10 10 0,790
1920x1080 15 180 10 0,332
1920x1080 15 320 10 0,318
1920x1080 15 640 10 0,298
1920x1080 15 1020 10 0,297
3840x2160 3 1 1 17,504
3840x2160 3 180 1 0,744
3840x2160 3 320 1 0,709
3840x2160 3 640 1 0,679
3840x2160 3 1020 1 0,666
3840x2160 3 5 5 1,340
3840x2160 3 180 5 0,665
3840x2160 3 320 5 0,653
3840x2160 3 640 5 0,646
3840x2160 3 1020 5 0,650
3840x2160 3 10 10 0,872
3840x2160 3 180 10 0,657
3840x2160 3 320 10 0,646
3840x2160 3 640 10 0,690
3840x2160 3 1020 10 0,716
3840x2160 5 1 1 26,419
3840x2160 5 180 1 0,806
3840x2160 5 320 1 0,763
3840x2160 5 640 1 0,699
3840x2160 5 1020 1 0,679
3840x2160 5 5 5 1,700
3840x2160 5 180 5 0,676
3840x2160 5 320 5 0,670
3840x2160 5 640 5 0,654
3840x2160 5 1020 5 0,659
3840x2160 5 10 10 0,921
3840x2160 5 180 10 0,665
3840x2160 5 320 10 0,653
3840x2160 5 640 10 0,652
3840x2160 5 1020 10 0,655
3840x2160 7 1 1 53,946
3840x2160 7 180 1 0,966
3840x2160 7 320 1 0,836
3840x2160 7 640 1 0,753
3840x2160 7 1020 1 0,718
3840x2160 7 5 5 3,262
3840x2160 7 180 5 0,716
3840x2160 7 320 5 0,692
3840x2160 7 640 5 0,678
3840x2160 7 1020 5 0,666
3840x2160 7 10 10 1,268
3840x2160 7 180 10 0,679
3840x2160 7 320 10 0,665
3840x2160 7 640 10 0,661
3840x2160 7 1020 10 0,659
3840x2160 11 1 1 108,474
3840x2160 11 180 1 1,336
3840x2160 11 320 1 1,180
3840x2160 11 640 1 0,953
3840x2160 11 1020 1 0,881
3840x2160 11 5 5 5,374
3840x2160 11 180 5 0,810
3840x2160 11 320 5 0,792
3840x2160 11 640 5 0,734
3840x2160 11 1020 5 0,696
3840x2160 11 10 10 1,831
3840x2160 11 180 10 0,719
3840x2160 11 320 10 0,699
3840x2160 11 640 10 0,690
3840x2160 11 1020 10 0,689
3840x2160 13 1 1 124,894
3840x2160 13 180 1 1,741
3840x2160 13 320 1 1,323
3840x2160 13 640 1 0,979
3840x2160 13 1020 1 0,873
3840x2160 13 5 5 6,141
3840x2160 13 180 5 0,812
3840x2160 13 320 5 0,762
3840x2160 13 640 5 0,726
3840x2160 13 1020 5 0,717
3840x2160 13 10 10 2,326
3840x2160 13 180 10 0,795
3840x2160 13 320 10 0,728
3840x2160 13 640 10 0,726
3840x2160 13 1020 10 0,770
3840x2160 15 1 1 182,833
3840x2160 15 180 1 2,034
3840x2160 15 320 1 1,439
3840x2160 15 640 1 1,074
3840x2160 15 1020 1 0,961
3840x2160 15 15 5 3,734
3840x2160 15 180 5 0,933
3840x2160 15 320 5 0,824
3840x2160 15 640 5 0,760
3840x2160 15 1020 5 0,732
3840x2160 15 10 10 2,957
3840x2160 15 180 10 0,775
3840x2160 15 320 10 0,750
3840x2160 15 640 10 0,732
3840x2160 15 1020 10 0,736
3840x2160 15 180 10 0,843
3840x2160 15 320 10 0,771
3840x2160 15 640 10 0,743
3840x2160 15 1020 10 0,736
